# Exported from NWmax 0.5-beta at 24/03/2004 01:51:50
# mdl file
#
#NWmaxMODEL ASCII
# model: wblcl_t_113
filedependancy Unknown
newmodel wblcl_t_113
setsupermodel wblcl_t_113 NULL
classification Character
setanimationscale 1.0
#NWmaxGEOM  ASCII
beginmodelgeom wblcl_t_113
node dummy wblcl_t_113
  parent NULL
endnode
node trimesh Box06
  parent wblcl_t_113
  position 0.00805889 0.240156 0.0487904
  orientation -0.707107 9.27231e-007 -0.707107 -3.14159
  wirecolor 0.337255 0.87451 0.337255 
  tilefade 0
  scale 1.0
  render 1
  Shadow 1
  beaming 0
  inheritcolor 0
  selfillumcolor 0.0 0.0 0.0 
  rotatetexture 0
  alpha 1.0
  transparencyhint 0
  center undefined
  gizmo SubAnim:Gizmo
  ambient 1.0 1.0 1.0 
  diffuse 1.0 1.0 1.0 
  specular 0.0 0.0 0.0 
  shininess 12.0
  selfillumcolor 0.0 0.0 0.0 
  bitmap nex_jade
  verts 20
    0.0191767 0.0445701 -0.00808304
    0.00129889 0.0479291 0.000646644
    -0.0337712 0.0479291 0.000646644
    0.0162165 0.014945 -0.00808304
    0.00129889 0.0159764 0.000646644
    -0.0337712 0.0159764 0.000646644
    0.0162165 -0.0146408 -0.00808304
    0.00129889 -0.0159764 0.000646644
    -0.0337712 -0.0159764 0.000646644
    0.0191767 -0.0441873 -0.00808304
    0.00129889 -0.0479291 0.000646644
    -0.0337712 -0.0479291 0.000646644
    0.00129889 0.0479291 -0.0168128
    -0.0337711 0.0479291 -0.0168128
    0.00129889 0.0159763 -0.0168128
    -0.0337711 0.0159763 -0.0168128
    0.00129889 -0.0159764 -0.0168128
    -0.0337711 -0.0159764 -0.0168128
    0.00129889 -0.0479291 -0.0168128
    -0.0337711 -0.0479291 -0.0168128
  faces 36
    3 0 4  2  20 21 22  2
    1 4 0  2  23 24 25  2
    4 1 5  2  26 27 28  2
    2 5 1  2  29 30 31  2
    6 3 7  2  32 33 34  2
    4 7 3  2  35 36 37  2
    7 4 8  2  38 39 40  2
    5 8 4  2  41 42 4  2
    9 6 10  2  43 44 45  2
    7 10 6  2  46 47 48  2
    10 7 11  2  49 50 51  2
    8 11 7  2  52 53 7  2
    12 0 14  4  54 55 56  1
    3 14 0  4  57 58 59  1
    13 12 15  4  60 61 62  1
    14 15 12  4  63 64 65  1
    14 3 16  4  66 67 68  1
    6 16 3  4  69 70 3  1
    15 14 17  4  71 72 73  1
    16 17 14  4  74 75 14  1
    16 6 18  4  76 77 78  1
    9 18 6  4  79 80 6  1
    17 16 19  4  81 82 83  1
    18 19 16  4  84 85 16  1
    1 0 12  8  86 0 87  5
    2 1 13  8  88 89 90  5
    12 13 1  8  12 91 1  5
    5 2 15  16  92 93 94  4
    13 15 2  16  13 95 2  4
    8 5 17  16  96 97 98  4
    15 17 5  16  15 99 5  4
    11 8 19  16  100 101 102  4
    17 19 8  16  17 103 8  4
    10 11 18  32  104 105 106  6
    19 18 11  32  19 107 11  6
    18 9 10  32  18 9 10  6
  tverts 108
    0.000499368 0.5 0
    0.337812 0.000499845 0
    0.000499487 0.000499845 0
    0.0563537 0.344248 0
    0.662188 0.3335 0
    0.3335 0.000499845 0
    0.0563539 0.652581 0
    0.662188 0.6665 0
    0.6665 0.000499845 0
    0.9995 0.5 0
    0.662187 0.000499845 0
    0.000499517 0.000499845 0
    0.337812 0.9995 0
    0.000499576 0.9995 0
    0.337812 0.3335 0
    0.3335 0.9995 0
    0.337812 0.6665 0
    0.6665 0.9995 0
    0.662187 0.9995 0
    0.000499576 0.9995 0
    0.943646 0.344248 0
    0.999501 0.0355052 0
    0.662188 0.3335 0
    0.662188 0.000499606 0
    0.662188 0.3335 0
    0.999501 0.0355052 0
    0.662188 0.3335 0
    0.662188 0.000499606 0
    0.000499785 0.3335 0
    0.000499934 0.000499487 0
    0.000499785 0.3335 0
    0.662188 0.000499606 0
    0.943646 0.652581 0
    0.943646 0.344248 0
    0.662188 0.6665 0
    0.662188 0.3335 0
    0.662188 0.6665 0
    0.943646 0.344248 0
    0.662188 0.6665 0
    0.662188 0.3335 0
    0.000499636 0.6665 0
    0.000499785 0.3335 0
    0.000499636 0.6665 0
    0.9995 0.960506 0
    0.943646 0.652581 0
    0.662187 0.999501 0
    0.662188 0.6665 0
    0.662187 0.999501 0
    0.943646 0.652581 0
    0.662187 0.999501 0
    0.662188 0.6665 0
    0.000499517 0.9995 0
    0.000499636 0.6665 0
    0.000499517 0.9995 0
    0.337812 0.000499666 0
    0.000499368 0.0355052 0
    0.337812 0.3335 0
    0.0563537 0.344248 0
    0.337812 0.3335 0
    0.000499368 0.0355052 0
    0.9995 0.000499606 0
    0.337812 0.000499666 0
    0.9995 0.3335 0
    0.337812 0.3335 0
    0.9995 0.3335 0
    0.337812 0.000499666 0
    0.337812 0.3335 0
    0.0563537 0.344248 0
    0.337812 0.6665 0
    0.0563539 0.652581 0
    0.337812 0.6665 0
    0.9995 0.3335 0
    0.337812 0.3335 0
    0.9995 0.6665 0
    0.337812 0.6665 0
    0.9995 0.6665 0
    0.337812 0.6665 0
    0.0563539 0.652581 0
    0.337813 0.9995 0
    0.000499755 0.960506 0
    0.337813 0.9995 0
    0.9995 0.6665 0
    0.337812 0.6665 0
    0.9995 0.9995 0
    0.337813 0.9995 0
    0.9995 0.9995 0
    0.337812 0.000499845 0
    0.337812 0.9995 0
    0.9995 0.000499845 0
    0.337812 0.000499845 0
    0.9995 0.9995 0
    0.9995 0.9995 0
    0.3335 0.000499845 0
    0.000499487 0.000499845 0
    0.3335 0.9995 0
    0.3335 0.9995 0
    0.6665 0.000499845 0
    0.3335 0.000499845 0
    0.6665 0.9995 0
    0.6665 0.9995 0
    0.9995 0.000499845 0
    0.6665 0.000499845 0
    0.9995 0.9995 0
    0.9995 0.9995 0
    0.662187 0.000499845 0
    0.000499517 0.000499845 0
    0.662187 0.9995 0
    0.662187 0.9995 0
endnode
node trimesh Box05
  parent wblcl_t_113
  position 0.00805891 0.727082 -0.0524087
  orientation 0.0 1.0 0.0 -1.5708
  wirecolor 0.337255 0.87451 0.337255 
  tilefade 0
  scale 1.0
  render 1
  Shadow 1
  beaming 0
  inheritcolor 0
  selfillumcolor 0.0 0.0 0.0 
  rotatetexture 0
  alpha 1.0
  transparencyhint 0
  center undefined
  gizmo SubAnim:Gizmo
  ambient 1.0 1.0 1.0 
  diffuse 1.0 1.0 1.0 
  specular 0.0 0.0 0.0 
  shininess 12.0
  selfillumcolor 0.0 0.0 0.0 
  bitmap nex_jade
  verts 20
    -0.0191767 -0.0445701 0.00808304
    -0.00129889 -0.0479291 -0.000646644
    0.0337712 -0.0479291 -0.000646644
    -0.0162165 -0.014945 0.00808304
    -0.00129889 -0.0159764 -0.000646644
    0.0337712 -0.0159764 -0.000646644
    -0.0162165 0.0146408 0.00808304
    -0.00129889 0.0159764 -0.000646644
    0.0337712 0.0159764 -0.000646644
    -0.0191767 0.0441873 0.00808304
    -0.00129889 0.0479291 -0.000646644
    0.0337712 0.0479291 -0.000646644
    -0.00129889 -0.0479291 0.0168128
    0.0337711 -0.0479291 0.0168128
    -0.00129889 -0.0159763 0.0168128
    0.0337711 -0.0159763 0.0168128
    -0.00129889 0.0159764 0.0168128
    0.0337711 0.0159764 0.0168128
    -0.00129889 0.0479291 0.0168128
    0.0337711 0.0479291 0.0168128
  faces 36
    0 3 4  2  20 21 22  2
    4 1 0  2  23 24 25  2
    1 4 5  2  26 27 28  2
    5 2 1  2  29 30 31  2
    3 6 7  2  32 33 34  2
    7 4 3  2  35 36 37  2
    4 7 8  2  38 39 40  2
    8 5 4  2  41 42 4  2
    6 9 10  2  43 44 45  2
    10 7 6  2  46 47 48  2
    7 10 11  2  49 50 51  2
    11 8 7  2  52 53 7  2
    0 12 14  4  54 55 56  1
    14 3 0  4  57 58 59  1
    12 13 15  4  60 61 62  1
    15 14 12  4  63 64 65  1
    3 14 16  4  66 67 68  1
    16 6 3  4  69 70 3  1
    14 15 17  4  71 72 73  1
    17 16 14  4  74 75 14  1
    6 16 18  4  76 77 78  1
    18 9 6  4  79 80 6  1
    16 17 19  4  81 82 83  1
    19 18 16  4  84 85 16  1
    0 1 12  8  0 86 87  5
    1 2 13  8  88 89 90  5
    13 12 1  8  91 12 1  5
    2 5 15  16  92 93 94  4
    15 13 2  16  95 13 2  4
    5 8 17  16  96 97 98  4
    17 15 5  16  99 15 5  4
    8 11 19  16  100 101 102  4
    19 17 8  16  103 17 8  4
    11 10 18  32  104 105 106  6
    18 19 11  32  107 19 11  6
    9 18 10  32  9 18 10  6
  tverts 108
    0.000499696 0.5 0
    0.337812 0.000499576 0
    0.000499547 0.000499576 0
    0.0563541 0.344248 0
    0.662188 0.3335 0
    0.3335 0.000499576 0
    0.0563542 0.652581 0
    0.662187 0.6665 0
    0.6665 0.000499576 0
    0.9995 0.5 0
    0.662187 0.000499576 0
    0.000499547 0.000499576 0
    0.337812 0.999501 0
    0.000499636 0.999501 0
    0.337812 0.3335 0
    0.3335 0.9995 0
    0.337813 0.6665 0
    0.6665 0.9995 0
    0.662187 0.999501 0
    0.000499606 0.999501 0
    0.9995 0.0355052 0
    0.943646 0.344248 0
    0.662188 0.3335 0
    0.662188 0.3335 0
    0.662188 0.000499636 0
    0.9995 0.0355052 0
    0.662188 0.000499636 0
    0.662188 0.3335 0
    0.000499815 0.3335 0
    0.000499815 0.3335 0
    0.000499964 0.000499547 0
    0.662188 0.000499636 0
    0.943646 0.344248 0
    0.943646 0.652581 0
    0.662187 0.6665 0
    0.662187 0.6665 0
    0.662188 0.3335 0
    0.943646 0.344248 0
    0.662188 0.3335 0
    0.662187 0.6665 0
    0.000499696 0.6665 0
    0.000499696 0.6665 0
    0.000499815 0.3335 0
    0.943646 0.652581 0
    0.9995 0.960506 0
    0.662187 0.9995 0
    0.662187 0.9995 0
    0.662187 0.6665 0
    0.943646 0.652581 0
    0.662187 0.6665 0
    0.662187 0.9995 0
    0.000499547 0.9995 0
    0.000499547 0.9995 0
    0.000499696 0.6665 0
    0.000499696 0.0355052 0
    0.337812 0.000499725 0
    0.337812 0.3335 0
    0.337812 0.3335 0
    0.0563541 0.344248 0
    0.000499696 0.0355052 0
    0.337812 0.000499725 0
    0.9995 0.000499636 0
    0.9995 0.3335 0
    0.9995 0.3335 0
    0.337812 0.3335 0
    0.337812 0.000499725 0
    0.0563541 0.344248 0
    0.337812 0.3335 0
    0.337813 0.6665 0
    0.337813 0.6665 0
    0.0563542 0.652581 0
    0.337812 0.3335 0
    0.9995 0.3335 0
    0.9995 0.6665 0
    0.9995 0.6665 0
    0.337813 0.6665 0
    0.0563542 0.652581 0
    0.337813 0.6665 0
    0.337813 0.9995 0
    0.337813 0.9995 0
    0.000500113 0.960506 0
    0.337813 0.6665 0
    0.9995 0.6665 0
    0.9995 0.9995 0
    0.9995 0.9995 0
    0.337813 0.9995 0
    0.337812 0.000499576 0
    0.337812 0.999501 0
    0.337812 0.000499576 0
    0.9995 0.000499576 0
    0.9995 0.999501 0
    0.9995 0.999501 0
    0.000499547 0.000499576 0
    0.3335 0.000499576 0
    0.3335 0.9995 0
    0.3335 0.9995 0
    0.3335 0.000499576 0
    0.6665 0.000499576 0
    0.6665 0.9995 0
    0.6665 0.9995 0
    0.6665 0.000499576 0
    0.9995 0.000499576 0
    0.9995 0.999501 0
    0.9995 0.999501 0
    0.000499547 0.000499576 0
    0.662187 0.000499576 0
    0.662187 0.999501 0
    0.662187 0.999501 0
endnode
node trimesh Box01
  parent wblcl_t_113
  position 0.00805889 0.240156 -0.0487283
  orientation 0.0 1.0 0.0 -1.5708
  wirecolor 0.337255 0.87451 0.337255 
  tilefade 0
  scale 1.0
  render 1
  Shadow 1
  beaming 0
  inheritcolor 0
  selfillumcolor 0.0 0.0 0.0 
  rotatetexture 0
  alpha 1.0
  transparencyhint 0
  center undefined
  gizmo SubAnim:Gizmo
  ambient 1.0 1.0 1.0 
  diffuse 1.0 1.0 1.0 
  specular 0.0 0.0 0.0 
  shininess 12.0
  selfillumcolor 0.0 0.0 0.0 
  bitmap nex_jade
  verts 20
    -0.0191767 -0.0445701 0.00808304
    -0.00129889 -0.0479291 -0.000646644
    0.0337712 -0.0479291 -0.000646644
    -0.0162165 -0.014945 0.00808304
    -0.00129889 -0.0159764 -0.000646644
    0.0337712 -0.0159764 -0.000646644
    -0.0162165 0.0146408 0.00808304
    -0.00129889 0.0159764 -0.000646644
    0.0337712 0.0159764 -0.000646644
    -0.0191767 0.0441873 0.00808304
    -0.00129889 0.0479291 -0.000646644
    0.0337712 0.0479291 -0.000646644
    -0.00129889 -0.0479291 0.0168128
    0.0337711 -0.0479291 0.0168128
    -0.00129889 -0.0159763 0.0168128
    0.0337711 -0.0159763 0.0168128
    -0.00129889 0.0159764 0.0168128
    0.0337711 0.0159764 0.0168128
    -0.00129889 0.0479291 0.0168128
    0.0337711 0.0479291 0.0168128
  faces 36
    0 3 4  2  20 21 22  2
    4 1 0  2  23 24 25  2
    1 4 5  2  26 27 28  2
    5 2 1  2  29 30 31  2
    3 6 7  2  32 33 34  2
    7 4 3  2  35 36 37  2
    4 7 8  2  38 39 40  2
    8 5 4  2  41 42 4  2
    6 9 10  2  43 44 45  2
    10 7 6  2  46 47 48  2
    7 10 11  2  49 50 51  2
    11 8 7  2  52 53 7  2
    0 12 14  4  54 55 56  1
    14 3 0  4  57 58 59  1
    12 13 15  4  60 61 62  1
    15 14 12  4  63 64 65  1
    3 14 16  4  66 67 68  1
    16 6 3  4  69 70 3  1
    14 15 17  4  71 72 73  1
    17 16 14  4  74 75 14  1
    6 16 18  4  76 77 78  1
    18 9 6  4  79 80 6  1
    16 17 19  4  81 82 83  1
    19 18 16  4  84 85 16  1
    0 1 12  8  0 86 87  5
    1 2 13  8  88 89 90  5
    13 12 1  8  91 12 1  5
    2 5 15  16  92 93 94  4
    15 13 2  16  95 13 2  4
    5 8 17  16  96 97 98  4
    17 15 5  16  99 15 5  4
    8 11 19  16  100 101 102  4
    19 17 8  16  103 17 8  4
    11 10 18  32  104 105 106  6
    18 19 11  32  107 19 11  6
    9 18 10  32  9 18 10  6
  tverts 108
    0.000499696 0.5 0
    0.337812 0.000499576 0
    0.000499547 0.000499576 0
    0.0563541 0.344248 0
    0.662188 0.3335 0
    0.3335 0.000499576 0
    0.0563542 0.652581 0
    0.662187 0.6665 0
    0.6665 0.000499576 0
    0.9995 0.5 0
    0.662187 0.000499576 0
    0.000499547 0.000499576 0
    0.337812 0.999501 0
    0.000499636 0.999501 0
    0.337812 0.3335 0
    0.3335 0.9995 0
    0.337813 0.6665 0
    0.6665 0.9995 0
    0.662187 0.999501 0
    0.000499606 0.999501 0
    0.9995 0.0355052 0
    0.943646 0.344248 0
    0.662188 0.3335 0
    0.662188 0.3335 0
    0.662188 0.000499636 0
    0.9995 0.0355052 0
    0.662188 0.000499636 0
    0.662188 0.3335 0
    0.000499815 0.3335 0
    0.000499815 0.3335 0
    0.000499964 0.000499547 0
    0.662188 0.000499636 0
    0.943646 0.344248 0
    0.943646 0.652581 0
    0.662187 0.6665 0
    0.662187 0.6665 0
    0.662188 0.3335 0
    0.943646 0.344248 0
    0.662188 0.3335 0
    0.662187 0.6665 0
    0.000499696 0.6665 0
    0.000499696 0.6665 0
    0.000499815 0.3335 0
    0.943646 0.652581 0
    0.9995 0.960506 0
    0.662187 0.9995 0
    0.662187 0.9995 0
    0.662187 0.6665 0
    0.943646 0.652581 0
    0.662187 0.6665 0
    0.662187 0.9995 0
    0.000499547 0.9995 0
    0.000499547 0.9995 0
    0.000499696 0.6665 0
    0.000499696 0.0355052 0
    0.337812 0.000499725 0
    0.337812 0.3335 0
    0.337812 0.3335 0
    0.0563541 0.344248 0
    0.000499696 0.0355052 0
    0.337812 0.000499725 0
    0.9995 0.000499636 0
    0.9995 0.3335 0
    0.9995 0.3335 0
    0.337812 0.3335 0
    0.337812 0.000499725 0
    0.0563541 0.344248 0
    0.337812 0.3335 0
    0.337813 0.6665 0
    0.337813 0.6665 0
    0.0563542 0.652581 0
    0.337812 0.3335 0
    0.9995 0.3335 0
    0.9995 0.6665 0
    0.9995 0.6665 0
    0.337813 0.6665 0
    0.0563542 0.652581 0
    0.337813 0.6665 0
    0.337813 0.9995 0
    0.337813 0.9995 0
    0.000500113 0.960506 0
    0.337813 0.6665 0
    0.9995 0.6665 0
    0.9995 0.9995 0
    0.9995 0.9995 0
    0.337813 0.9995 0
    0.337812 0.000499576 0
    0.337812 0.999501 0
    0.337812 0.000499576 0
    0.9995 0.000499576 0
    0.9995 0.999501 0
    0.9995 0.999501 0
    0.000499547 0.000499576 0
    0.3335 0.000499576 0
    0.3335 0.9995 0
    0.3335 0.9995 0
    0.3335 0.000499576 0
    0.6665 0.000499576 0
    0.6665 0.9995 0
    0.6665 0.9995 0
    0.6665 0.000499576 0
    0.9995 0.000499576 0
    0.9995 0.999501 0
    0.9995 0.999501 0
    0.000499547 0.000499576 0
    0.662187 0.000499576 0
    0.662187 0.999501 0
    0.662187 0.999501 0
endnode
node trimesh Box02
  parent wblcl_t_113
  position 0.00805889 0.363281 -0.052814
  orientation 0.0 1.0 0.0 -1.5708
  wirecolor 0.337255 0.87451 0.337255 
  tilefade 0
  scale 1.0
  render 1
  Shadow 1
  beaming 0
  inheritcolor 0
  selfillumcolor 0.0 0.0 0.0 
  rotatetexture 0
  alpha 1.0
  transparencyhint 0
  center undefined
  gizmo SubAnim:Gizmo
  ambient 1.0 1.0 1.0 
  diffuse 1.0 1.0 1.0 
  specular 0.0 0.0 0.0 
  shininess 12.0
  selfillumcolor 0.0 0.0 0.0 
  bitmap nex_jade
  verts 20
    -0.0191767 -0.0445701 0.00808304
    -0.00129889 -0.0479291 -0.000646644
    0.0337712 -0.0479291 -0.000646644
    -0.0162165 -0.014945 0.00808304
    -0.00129889 -0.0159764 -0.000646644
    0.0337712 -0.0159764 -0.000646644
    -0.0162165 0.0146408 0.00808304
    -0.00129889 0.0159764 -0.000646644
    0.0337712 0.0159764 -0.000646644
    -0.0191767 0.0441873 0.00808304
    -0.00129889 0.0479291 -0.000646644
    0.0337712 0.0479291 -0.000646644
    -0.00129889 -0.0479291 0.0168128
    0.0337711 -0.0479291 0.0168128
    -0.00129889 -0.0159763 0.0168128
    0.0337711 -0.0159763 0.0168128
    -0.00129889 0.0159764 0.0168128
    0.0337711 0.0159764 0.0168128
    -0.00129889 0.0479291 0.0168128
    0.0337711 0.0479291 0.0168128
  faces 36
    0 3 4  2  20 21 22  2
    4 1 0  2  23 24 25  2
    1 4 5  2  26 27 28  2
    5 2 1  2  29 30 31  2
    3 6 7  2  32 33 34  2
    7 4 3  2  35 36 37  2
    4 7 8  2  38 39 40  2
    8 5 4  2  41 42 4  2
    6 9 10  2  43 44 45  2
    10 7 6  2  46 47 48  2
    7 10 11  2  49 50 51  2
    11 8 7  2  52 53 7  2
    0 12 14  4  54 55 56  1
    14 3 0  4  57 58 59  1
    12 13 15  4  60 61 62  1
    15 14 12  4  63 64 65  1
    3 14 16  4  66 67 68  1
    16 6 3  4  69 70 3  1
    14 15 17  4  71 72 73  1
    17 16 14  4  74 75 14  1
    6 16 18  4  76 77 78  1
    18 9 6  4  79 80 6  1
    16 17 19  4  81 82 83  1
    19 18 16  4  84 85 16  1
    0 1 12  8  0 86 87  5
    1 2 13  8  88 89 90  5
    13 12 1  8  91 12 1  5
    2 5 15  16  92 93 94  4
    15 13 2  16  95 13 2  4
    5 8 17  16  96 97 98  4
    17 15 5  16  99 15 5  4
    8 11 19  16  100 101 102  4
    19 17 8  16  103 17 8  4
    11 10 18  32  104 105 106  6
    18 19 11  32  107 19 11  6
    9 18 10  32  9 18 10  6
  tverts 108
    0.000499696 0.5 0
    0.337812 0.9995 0
    0.000499547 0.9995 0
    0.0563541 0.655752 0
    0.662188 0.6665 0
    0.3335 0.9995 0
    0.0563542 0.347419 0
    0.662187 0.3335 0
    0.6665 0.9995 0
    0.9995 0.5 0
    0.662187 0.9995 0
    0.000499547 0.9995 0
    0.337812 0.000499487 0
    0.000499636 0.000499487 0
    0.337812 0.6665 0
    0.3335 0.000499725 0
    0.337813 0.3335 0
    0.6665 0.000499725 0
    0.662187 0.000499487 0
    0.000499606 0.000499487 0
    0.9995 0.964495 0
    0.943646 0.655752 0
    0.662188 0.6665 0
    0.662188 0.6665 0
    0.662188 0.9995 0
    0.9995 0.964495 0
    0.662188 0.9995 0
    0.662188 0.6665 0
    0.000499815 0.6665 0
    0.000499815 0.6665 0
    0.000499964 0.9995 0
    0.662188 0.9995 0
    0.943646 0.655752 0
    0.943646 0.347419 0
    0.662187 0.3335 0
    0.662187 0.3335 0
    0.662188 0.6665 0
    0.943646 0.655752 0
    0.662188 0.6665 0
    0.662187 0.3335 0
    0.000499696 0.3335 0
    0.000499696 0.3335 0
    0.000499815 0.6665 0
    0.943646 0.347419 0
    0.9995 0.0394943 0
    0.662187 0.000499547 0
    0.662187 0.000499547 0
    0.662187 0.3335 0
    0.943646 0.347419 0
    0.662187 0.3335 0
    0.662187 0.000499547 0
    0.000499547 0.000499606 0
    0.000499547 0.000499606 0
    0.000499696 0.3335 0
    0.000499696 0.964495 0
    0.337812 0.9995 0
    0.337812 0.6665 0
    0.337812 0.6665 0
    0.0563541 0.655752 0
    0.000499696 0.964495 0
    0.337812 0.9995 0
    0.9995 0.9995 0
    0.9995 0.6665 0
    0.9995 0.6665 0
    0.337812 0.6665 0
    0.337812 0.9995 0
    0.0563541 0.655752 0
    0.337812 0.6665 0
    0.337813 0.3335 0
    0.337813 0.3335 0
    0.0563542 0.347419 0
    0.337812 0.6665 0
    0.9995 0.6665 0
    0.9995 0.3335 0
    0.9995 0.3335 0
    0.337813 0.3335 0
    0.0563542 0.347419 0
    0.337813 0.3335 0
    0.337813 0.000499606 0
    0.337813 0.000499606 0
    0.000500113 0.0394943 0
    0.337813 0.3335 0
    0.9995 0.3335 0
    0.9995 0.000499666 0
    0.9995 0.000499666 0
    0.337813 0.000499606 0
    0.337812 0.9995 0
    0.337812 0.000499487 0
    0.337812 0.9995 0
    0.9995 0.9995 0
    0.9995 0.000499487 0
    0.9995 0.000499487 0
    0.000499547 0.9995 0
    0.3335 0.9995 0
    0.3335 0.000499725 0
    0.3335 0.000499725 0
    0.3335 0.9995 0
    0.6665 0.9995 0
    0.6665 0.000499725 0
    0.6665 0.000499725 0
    0.6665 0.9995 0
    0.9995 0.9995 0
    0.9995 0.000499487 0
    0.9995 0.000499487 0
    0.000499547 0.9995 0
    0.662187 0.9995 0
    0.662187 0.000499487 0
    0.662187 0.000499487 0
endnode
node trimesh Box03
  parent wblcl_t_113
  position 0.0080589 0.48138 -0.0571071
  orientation 0.0 1.0 0.0 -1.5708
  wirecolor 0.337255 0.87451 0.337255 
  tilefade 0
  scale 1.0
  render 1
  Shadow 1
  beaming 0
  inheritcolor 0
  selfillumcolor 0.0 0.0 0.0 
  rotatetexture 0
  alpha 1.0
  transparencyhint 0
  center undefined
  gizmo SubAnim:Gizmo
  ambient 1.0 1.0 1.0 
  diffuse 1.0 1.0 1.0 
  specular 0.0 0.0 0.0 
  shininess 12.0
  selfillumcolor 0.0 0.0 0.0 
  bitmap nex_jade
  verts 20
    -0.0191767 -0.0445701 0.00808304
    -0.00129889 -0.0479291 -0.000646644
    0.0337712 -0.0479291 -0.000646644
    -0.0162165 -0.014945 0.00808304
    -0.00129889 -0.0159764 -0.000646644
    0.0337712 -0.0159764 -0.000646644
    -0.0162165 0.0146408 0.00808304
    -0.00129889 0.0159764 -0.000646644
    0.0337712 0.0159764 -0.000646644
    -0.0191767 0.0441873 0.00808304
    -0.00129889 0.0479291 -0.000646644
    0.0337712 0.0479291 -0.000646644
    -0.00129889 -0.0479291 0.0168128
    0.0337711 -0.0479291 0.0168128
    -0.00129889 -0.0159763 0.0168128
    0.0337711 -0.0159763 0.0168128
    -0.00129889 0.0159764 0.0168128
    0.0337711 0.0159764 0.0168128
    -0.00129889 0.0479291 0.0168128
    0.0337711 0.0479291 0.0168128
  faces 36
    0 3 4  2  20 21 22  2
    4 1 0  2  23 24 25  2
    1 4 5  2  26 27 28  2
    5 2 1  2  29 30 31  2
    3 6 7  2  32 33 34  2
    7 4 3  2  35 36 37  2
    4 7 8  2  38 39 40  2
    8 5 4  2  41 42 4  2
    6 9 10  2  43 44 45  2
    10 7 6  2  46 47 48  2
    7 10 11  2  49 50 51  2
    11 8 7  2  52 53 7  2
    0 12 14  4  54 55 56  1
    14 3 0  4  57 58 59  1
    12 13 15  4  60 61 62  1
    15 14 12  4  63 64 65  1
    3 14 16  4  66 67 68  1
    16 6 3  4  69 70 3  1
    14 15 17  4  71 72 73  1
    17 16 14  4  74 75 14  1
    6 16 18  4  76 77 78  1
    18 9 6  4  79 80 6  1
    16 17 19  4  81 82 83  1
    19 18 16  4  84 85 16  1
    0 1 12  8  0 86 87  5
    1 2 13  8  88 89 90  5
    13 12 1  8  91 12 1  5
    2 5 15  16  92 93 94  4
    15 13 2  16  95 13 2  4
    5 8 17  16  96 97 98  4
    17 15 5  16  99 15 5  4
    8 11 19  16  100 101 102  4
    19 17 8  16  103 17 8  4
    11 10 18  32  104 105 106  6
    18 19 11  32  107 19 11  6
    9 18 10  32  9 18 10  6
  tverts 108
    0.000499696 0.5 0
    0.337812 0.000499576 0
    0.000499547 0.000499576 0
    0.0563541 0.344248 0
    0.662188 0.3335 0
    0.3335 0.000499576 0
    0.0563542 0.652581 0
    0.662187 0.6665 0
    0.6665 0.000499576 0
    0.9995 0.5 0
    0.662187 0.000499576 0
    0.000499547 0.000499576 0
    0.337812 0.999501 0
    0.000499636 0.999501 0
    0.337812 0.3335 0
    0.3335 0.9995 0
    0.337813 0.6665 0
    0.6665 0.9995 0
    0.662187 0.999501 0
    0.000499606 0.999501 0
    0.9995 0.0355052 0
    0.943646 0.344248 0
    0.662188 0.3335 0
    0.662188 0.3335 0
    0.662188 0.000499636 0
    0.9995 0.0355052 0
    0.662188 0.000499636 0
    0.662188 0.3335 0
    0.000499815 0.3335 0
    0.000499815 0.3335 0
    0.000499964 0.000499547 0
    0.662188 0.000499636 0
    0.943646 0.344248 0
    0.943646 0.652581 0
    0.662187 0.6665 0
    0.662187 0.6665 0
    0.662188 0.3335 0
    0.943646 0.344248 0
    0.662188 0.3335 0
    0.662187 0.6665 0
    0.000499696 0.6665 0
    0.000499696 0.6665 0
    0.000499815 0.3335 0
    0.943646 0.652581 0
    0.9995 0.960506 0
    0.662187 0.9995 0
    0.662187 0.9995 0
    0.662187 0.6665 0
    0.943646 0.652581 0
    0.662187 0.6665 0
    0.662187 0.9995 0
    0.000499547 0.9995 0
    0.000499547 0.9995 0
    0.000499696 0.6665 0
    0.000499696 0.0355052 0
    0.337812 0.000499725 0
    0.337812 0.3335 0
    0.337812 0.3335 0
    0.0563541 0.344248 0
    0.000499696 0.0355052 0
    0.337812 0.000499725 0
    0.9995 0.000499636 0
    0.9995 0.3335 0
    0.9995 0.3335 0
    0.337812 0.3335 0
    0.337812 0.000499725 0
    0.0563541 0.344248 0
    0.337812 0.3335 0
    0.337813 0.6665 0
    0.337813 0.6665 0
    0.0563542 0.652581 0
    0.337812 0.3335 0
    0.9995 0.3335 0
    0.9995 0.6665 0
    0.9995 0.6665 0
    0.337813 0.6665 0
    0.0563542 0.652581 0
    0.337813 0.6665 0
    0.337813 0.9995 0
    0.337813 0.9995 0
    0.000500113 0.960506 0
    0.337813 0.6665 0
    0.9995 0.6665 0
    0.9995 0.9995 0
    0.9995 0.9995 0
    0.337813 0.9995 0
    0.337812 0.000499576 0
    0.337812 0.999501 0
    0.337812 0.000499576 0
    0.9995 0.000499576 0
    0.9995 0.999501 0
    0.9995 0.999501 0
    0.000499547 0.000499576 0
    0.3335 0.000499576 0
    0.3335 0.9995 0
    0.3335 0.9995 0
    0.3335 0.000499576 0
    0.6665 0.000499576 0
    0.6665 0.9995 0
    0.6665 0.9995 0
    0.6665 0.000499576 0
    0.9995 0.000499576 0
    0.9995 0.999501 0
    0.9995 0.999501 0
    0.000499547 0.000499576 0
    0.662187 0.000499576 0
    0.662187 0.999501 0
    0.662187 0.999501 0
endnode
node trimesh Box04
  parent wblcl_t_113
  position 0.0080589 0.60433 -0.0571071
  orientation 0.0 1.0 0.0 -1.5708
  wirecolor 0.337255 0.87451 0.337255 
  tilefade 0
  scale 1.0
  render 1
  Shadow 1
  beaming 0
  inheritcolor 0
  selfillumcolor 0.0 0.0 0.0 
  rotatetexture 0
  alpha 1.0
  transparencyhint 0
  center undefined
  gizmo SubAnim:Gizmo
  ambient 1.0 1.0 1.0 
  diffuse 1.0 1.0 1.0 
  specular 0.0 0.0 0.0 
  shininess 12.0
  selfillumcolor 0.0 0.0 0.0 
  bitmap nex_jade
  verts 20
    -0.0191767 -0.0445701 0.00808304
    -0.00129889 -0.0479291 -0.000646644
    0.0337712 -0.0479291 -0.000646644
    -0.0162165 -0.014945 0.00808304
    -0.00129889 -0.0159764 -0.000646644
    0.0337712 -0.0159764 -0.000646644
    -0.0162165 0.0146408 0.00808304
    -0.00129889 0.0159764 -0.000646644
    0.0337712 0.0159764 -0.000646644
    -0.0191767 0.0441873 0.00808304
    -0.00129889 0.0479291 -0.000646644
    0.0337712 0.0479291 -0.000646644
    -0.00129889 -0.0479291 0.0168128
    0.0337711 -0.0479291 0.0168128
    -0.00129889 -0.0159763 0.0168128
    0.0337711 -0.0159763 0.0168128
    -0.00129889 0.0159764 0.0168128
    0.0337711 0.0159764 0.0168128
    -0.00129889 0.0479291 0.0168128
    0.0337711 0.0479291 0.0168128
  faces 36
    0 3 4  2  20 21 22  2
    4 1 0  2  23 24 25  2
    1 4 5  2  26 27 28  2
    5 2 1  2  29 30 31  2
    3 6 7  2  32 33 34  2
    7 4 3  2  35 36 37  2
    4 7 8  2  38 39 40  2
    8 5 4  2  41 42 4  2
    6 9 10  2  43 44 45  2
    10 7 6  2  46 47 48  2
    7 10 11  2  49 50 51  2
    11 8 7  2  52 53 7  2
    0 12 14  4  54 55 56  1
    14 3 0  4  57 58 59  1
    12 13 15  4  60 61 62  1
    15 14 12  4  63 64 65  1
    3 14 16  4  66 67 68  1
    16 6 3  4  69 70 3  1
    14 15 17  4  71 72 73  1
    17 16 14  4  74 75 14  1
    6 16 18  4  76 77 78  1
    18 9 6  4  79 80 6  1
    16 17 19  4  81 82 83  1
    19 18 16  4  84 85 16  1
    0 1 12  8  0 86 87  5
    1 2 13  8  88 89 90  5
    13 12 1  8  91 12 1  5
    2 5 15  16  92 93 94  4
    15 13 2  16  95 13 2  4
    5 8 17  16  96 97 98  4
    17 15 5  16  99 15 5  4
    8 11 19  16  100 101 102  4
    19 17 8  16  103 17 8  4
    11 10 18  32  104 105 106  6
    18 19 11  32  107 19 11  6
    9 18 10  32  9 18 10  6
  tverts 108
    0.000499696 0.5 0
    0.337812 0.9995 0
    0.000499547 0.9995 0
    0.0563541 0.655752 0
    0.662188 0.6665 0
    0.3335 0.9995 0
    0.0563542 0.347419 0
    0.662187 0.3335 0
    0.6665 0.9995 0
    0.9995 0.5 0
    0.662187 0.9995 0
    0.000499547 0.9995 0
    0.337812 0.000499487 0
    0.000499636 0.000499487 0
    0.337812 0.6665 0
    0.3335 0.000499725 0
    0.337813 0.3335 0
    0.6665 0.000499725 0
    0.662187 0.000499487 0
    0.000499606 0.000499487 0
    0.9995 0.964495 0
    0.943646 0.655752 0
    0.662188 0.6665 0
    0.662188 0.6665 0
    0.662188 0.9995 0
    0.9995 0.964495 0
    0.662188 0.9995 0
    0.662188 0.6665 0
    0.000499815 0.6665 0
    0.000499815 0.6665 0
    0.000499964 0.9995 0
    0.662188 0.9995 0
    0.943646 0.655752 0
    0.943646 0.347419 0
    0.662187 0.3335 0
    0.662187 0.3335 0
    0.662188 0.6665 0
    0.943646 0.655752 0
    0.662188 0.6665 0
    0.662187 0.3335 0
    0.000499696 0.3335 0
    0.000499696 0.3335 0
    0.000499815 0.6665 0
    0.943646 0.347419 0
    0.9995 0.0394943 0
    0.662187 0.000499547 0
    0.662187 0.000499547 0
    0.662187 0.3335 0
    0.943646 0.347419 0
    0.662187 0.3335 0
    0.662187 0.000499547 0
    0.000499547 0.000499606 0
    0.000499547 0.000499606 0
    0.000499696 0.3335 0
    0.000499696 0.964495 0
    0.337812 0.9995 0
    0.337812 0.6665 0
    0.337812 0.6665 0
    0.0563541 0.655752 0
    0.000499696 0.964495 0
    0.337812 0.9995 0
    0.9995 0.9995 0
    0.9995 0.6665 0
    0.9995 0.6665 0
    0.337812 0.6665 0
    0.337812 0.9995 0
    0.0563541 0.655752 0
    0.337812 0.6665 0
    0.337813 0.3335 0
    0.337813 0.3335 0
    0.0563542 0.347419 0
    0.337812 0.6665 0
    0.9995 0.6665 0
    0.9995 0.3335 0
    0.9995 0.3335 0
    0.337813 0.3335 0
    0.0563542 0.347419 0
    0.337813 0.3335 0
    0.337813 0.000499606 0
    0.337813 0.000499606 0
    0.000500113 0.0394943 0
    0.337813 0.3335 0
    0.9995 0.3335 0
    0.9995 0.000499666 0
    0.9995 0.000499666 0
    0.337813 0.000499606 0
    0.337812 0.9995 0
    0.337812 0.000499487 0
    0.337812 0.9995 0
    0.9995 0.9995 0
    0.9995 0.000499487 0
    0.9995 0.000499487 0
    0.000499547 0.9995 0
    0.3335 0.9995 0
    0.3335 0.000499725 0
    0.3335 0.000499725 0
    0.3335 0.9995 0
    0.6665 0.9995 0
    0.6665 0.000499725 0
    0.6665 0.000499725 0
    0.6665 0.9995 0
    0.9995 0.9995 0
    0.9995 0.000499487 0
    0.9995 0.000499487 0
    0.000499547 0.9995 0
    0.662187 0.9995 0
    0.662187 0.000499487 0
    0.662187 0.000499487 0
endnode
node trimesh Box07
  parent wblcl_t_113
  position 0.00805889 0.363281 0.0528761
  orientation -0.707107 9.27231e-007 -0.707107 -3.14159
  wirecolor 0.337255 0.87451 0.337255 
  tilefade 0
  scale 1.0
  render 1
  Shadow 1
  beaming 0
  inheritcolor 0
  selfillumcolor 0.0 0.0 0.0 
  rotatetexture 0
  alpha 1.0
  transparencyhint 0
  center undefined
  gizmo SubAnim:Gizmo
  ambient 1.0 1.0 1.0 
  diffuse 1.0 1.0 1.0 
  specular 0.0 0.0 0.0 
  shininess 12.0
  selfillumcolor 0.0 0.0 0.0 
  bitmap nex_jade
  verts 20
    0.0191767 0.0445701 -0.00808304
    0.00129889 0.0479291 0.000646644
    -0.0337712 0.0479291 0.000646644
    0.0162165 0.014945 -0.00808304
    0.00129889 0.0159764 0.000646644
    -0.0337712 0.0159764 0.000646644
    0.0162165 -0.0146408 -0.00808304
    0.00129889 -0.0159764 0.000646644
    -0.0337712 -0.0159764 0.000646644
    0.0191767 -0.0441873 -0.00808304
    0.00129889 -0.0479291 0.000646644
    -0.0337712 -0.0479291 0.000646644
    0.00129889 0.0479291 -0.0168128
    -0.0337711 0.0479291 -0.0168128
    0.00129889 0.0159763 -0.0168128
    -0.0337711 0.0159763 -0.0168128
    0.00129889 -0.0159764 -0.0168128
    -0.0337711 -0.0159764 -0.0168128
    0.00129889 -0.0479291 -0.0168128
    -0.0337711 -0.0479291 -0.0168128
  faces 36
    3 0 4  2  20 21 22  2
    1 4 0  2  23 24 25  2
    4 1 5  2  26 27 28  2
    2 5 1  2  29 30 31  2
    6 3 7  2  32 33 34  2
    4 7 3  2  35 36 37  2
    7 4 8  2  38 39 40  2
    5 8 4  2  41 42 4  2
    9 6 10  2  43 44 45  2
    7 10 6  2  46 47 48  2
    10 7 11  2  49 50 51  2
    8 11 7  2  52 53 7  2
    12 0 14  4  54 55 56  1
    3 14 0  4  57 58 59  1
    13 12 15  4  60 61 62  1
    14 15 12  4  63 64 65  1
    14 3 16  4  66 67 68  1
    6 16 3  4  69 70 3  1
    15 14 17  4  71 72 73  1
    16 17 14  4  74 75 14  1
    16 6 18  4  76 77 78  1
    9 18 6  4  79 80 6  1
    17 16 19  4  81 82 83  1
    18 19 16  4  84 85 16  1
    1 0 12  8  86 0 87  5
    2 1 13  8  88 89 90  5
    12 13 1  8  12 91 1  5
    5 2 15  16  92 93 94  4
    13 15 2  16  13 95 2  4
    8 5 17  16  96 97 98  4
    15 17 5  16  15 99 5  4
    11 8 19  16  100 101 102  4
    17 19 8  16  17 103 8  4
    10 11 18  32  104 105 106  6
    19 18 11  32  19 107 11  6
    18 9 10  32  18 9 10  6
  tverts 108
    0.000499368 0.5 0
    0.337812 0.9995 0
    0.000499487 0.9995 0
    0.0563537 0.655752 0
    0.662188 0.6665 0
    0.3335 0.9995 0
    0.0563539 0.347419 0
    0.662188 0.3335 0
    0.6665 0.9995 0
    0.9995 0.5 0
    0.662187 0.9995 0
    0.000499517 0.9995 0
    0.337812 0.000499725 0
    0.000499576 0.000499725 0
    0.337812 0.6665 0
    0.3335 0.000499934 0
    0.337812 0.3335 0
    0.6665 0.000499934 0
    0.662187 0.000499725 0
    0.000499576 0.000499725 0
    0.943646 0.655752 0
    0.999501 0.964495 0
    0.662188 0.6665 0
    0.662188 0.9995 0
    0.662188 0.6665 0
    0.999501 0.964495 0
    0.662188 0.6665 0
    0.662188 0.9995 0
    0.000499785 0.6665 0
    0.000499934 0.999501 0
    0.000499785 0.6665 0
    0.662188 0.9995 0
    0.943646 0.347419 0
    0.943646 0.655752 0
    0.662188 0.3335 0
    0.662188 0.6665 0
    0.662188 0.3335 0
    0.943646 0.655752 0
    0.662188 0.3335 0
    0.662188 0.6665 0
    0.000499636 0.3335 0
    0.000499785 0.6665 0
    0.000499636 0.3335 0
    0.9995 0.0394942 0
    0.943646 0.347419 0
    0.662187 0.000499487 0
    0.662188 0.3335 0
    0.662187 0.000499487 0
    0.943646 0.347419 0
    0.662187 0.000499487 0
    0.662188 0.3335 0
    0.000499517 0.000499576 0
    0.000499636 0.3335 0
    0.000499517 0.000499576 0
    0.337812 0.9995 0
    0.000499368 0.964495 0
    0.337812 0.6665 0
    0.0563537 0.655752 0
    0.337812 0.6665 0
    0.000499368 0.964495 0
    0.9995 0.9995 0
    0.337812 0.9995 0
    0.9995 0.6665 0
    0.337812 0.6665 0
    0.9995 0.6665 0
    0.337812 0.9995 0
    0.337812 0.6665 0
    0.0563537 0.655752 0
    0.337812 0.3335 0
    0.0563539 0.347419 0
    0.337812 0.3335 0
    0.9995 0.6665 0
    0.337812 0.6665 0
    0.9995 0.3335 0
    0.337812 0.3335 0
    0.9995 0.3335 0
    0.337812 0.3335 0
    0.0563539 0.347419 0
    0.337813 0.000499547 0
    0.000499755 0.0394942 0
    0.337813 0.000499547 0
    0.9995 0.3335 0
    0.337812 0.3335 0
    0.9995 0.000499636 0
    0.337813 0.000499547 0
    0.9995 0.000499636 0
    0.337812 0.9995 0
    0.337812 0.000499725 0
    0.9995 0.9995 0
    0.337812 0.9995 0
    0.9995 0.000499725 0
    0.9995 0.000499725 0
    0.3335 0.9995 0
    0.000499487 0.9995 0
    0.3335 0.000499934 0
    0.3335 0.000499934 0
    0.6665 0.9995 0
    0.3335 0.9995 0
    0.6665 0.000499934 0
    0.6665 0.000499934 0
    0.9995 0.9995 0
    0.6665 0.9995 0
    0.9995 0.000499725 0
    0.9995 0.000499725 0
    0.662187 0.9995 0
    0.000499517 0.9995 0
    0.662187 0.000499725 0
    0.662187 0.000499725 0
endnode
node trimesh Box08
  parent wblcl_t_113
  position 0.0080589 0.48138 0.0571673
  orientation -0.707107 9.27231e-007 -0.707107 -3.14159
  wirecolor 0.337255 0.87451 0.337255 
  tilefade 0
  scale 1.0
  render 1
  Shadow 1
  beaming 0
  inheritcolor 0
  selfillumcolor 0.0 0.0 0.0 
  rotatetexture 0
  alpha 1.0
  transparencyhint 0
  center undefined
  gizmo SubAnim:Gizmo
  ambient 1.0 1.0 1.0 
  diffuse 1.0 1.0 1.0 
  specular 0.0 0.0 0.0 
  shininess 12.0
  selfillumcolor 0.0 0.0 0.0 
  bitmap nex_jade
  verts 20
    0.0191767 0.0445701 -0.00808304
    0.00129889 0.0479291 0.000646644
    -0.0337712 0.0479291 0.000646644
    0.0162165 0.014945 -0.00808304
    0.00129889 0.0159764 0.000646644
    -0.0337712 0.0159764 0.000646644
    0.0162165 -0.0146408 -0.00808304
    0.00129889 -0.0159764 0.000646644
    -0.0337712 -0.0159764 0.000646644
    0.0191767 -0.0441873 -0.00808304
    0.00129889 -0.0479291 0.000646644
    -0.0337712 -0.0479291 0.000646644
    0.00129889 0.0479291 -0.0168128
    -0.0337711 0.0479291 -0.0168128
    0.00129889 0.0159763 -0.0168128
    -0.0337711 0.0159763 -0.0168128
    0.00129889 -0.0159764 -0.0168128
    -0.0337711 -0.0159764 -0.0168128
    0.00129889 -0.0479291 -0.0168128
    -0.0337711 -0.0479291 -0.0168128
  faces 36
    3 0 4  2  20 21 22  2
    1 4 0  2  23 24 25  2
    4 1 5  2  26 27 28  2
    2 5 1  2  29 30 31  2
    6 3 7  2  32 33 34  2
    4 7 3  2  35 36 37  2
    7 4 8  2  38 39 40  2
    5 8 4  2  41 42 4  2
    9 6 10  2  43 44 45  2
    7 10 6  2  46 47 48  2
    10 7 11  2  49 50 51  2
    8 11 7  2  52 53 7  2
    12 0 14  4  54 55 56  1
    3 14 0  4  57 58 59  1
    13 12 15  4  60 61 62  1
    14 15 12  4  63 64 65  1
    14 3 16  4  66 67 68  1
    6 16 3  4  69 70 3  1
    15 14 17  4  71 72 73  1
    16 17 14  4  74 75 14  1
    16 6 18  4  76 77 78  1
    9 18 6  4  79 80 6  1
    17 16 19  4  81 82 83  1
    18 19 16  4  84 85 16  1
    1 0 12  8  86 0 87  5
    2 1 13  8  88 89 90  5
    12 13 1  8  12 91 1  5
    5 2 15  16  92 93 94  4
    13 15 2  16  13 95 2  4
    8 5 17  16  96 97 98  4
    15 17 5  16  15 99 5  4
    11 8 19  16  100 101 102  4
    17 19 8  16  17 103 8  4
    10 11 18  32  104 105 106  6
    19 18 11  32  19 107 11  6
    18 9 10  32  18 9 10  6
  tverts 108
    0.000499368 0.5 0
    0.337812 0.000499845 0
    0.000499487 0.000499845 0
    0.0563537 0.344248 0
    0.662188 0.3335 0
    0.3335 0.000499845 0
    0.0563539 0.652581 0
    0.662188 0.6665 0
    0.6665 0.000499845 0
    0.9995 0.5 0
    0.662187 0.000499845 0
    0.000499517 0.000499845 0
    0.337812 0.9995 0
    0.000499576 0.9995 0
    0.337812 0.3335 0
    0.3335 0.9995 0
    0.337812 0.6665 0
    0.6665 0.9995 0
    0.662187 0.9995 0
    0.000499576 0.9995 0
    0.943646 0.344248 0
    0.999501 0.0355052 0
    0.662188 0.3335 0
    0.662188 0.000499606 0
    0.662188 0.3335 0
    0.999501 0.0355052 0
    0.662188 0.3335 0
    0.662188 0.000499606 0
    0.000499785 0.3335 0
    0.000499934 0.000499487 0
    0.000499785 0.3335 0
    0.662188 0.000499606 0
    0.943646 0.652581 0
    0.943646 0.344248 0
    0.662188 0.6665 0
    0.662188 0.3335 0
    0.662188 0.6665 0
    0.943646 0.344248 0
    0.662188 0.6665 0
    0.662188 0.3335 0
    0.000499636 0.6665 0
    0.000499785 0.3335 0
    0.000499636 0.6665 0
    0.9995 0.960506 0
    0.943646 0.652581 0
    0.662187 0.999501 0
    0.662188 0.6665 0
    0.662187 0.999501 0
    0.943646 0.652581 0
    0.662187 0.999501 0
    0.662188 0.6665 0
    0.000499517 0.9995 0
    0.000499636 0.6665 0
    0.000499517 0.9995 0
    0.337812 0.000499666 0
    0.000499368 0.0355052 0
    0.337812 0.3335 0
    0.0563537 0.344248 0
    0.337812 0.3335 0
    0.000499368 0.0355052 0
    0.9995 0.000499606 0
    0.337812 0.000499666 0
    0.9995 0.3335 0
    0.337812 0.3335 0
    0.9995 0.3335 0
    0.337812 0.000499666 0
    0.337812 0.3335 0
    0.0563537 0.344248 0
    0.337812 0.6665 0
    0.0563539 0.652581 0
    0.337812 0.6665 0
    0.9995 0.3335 0
    0.337812 0.3335 0
    0.9995 0.6665 0
    0.337812 0.6665 0
    0.9995 0.6665 0
    0.337812 0.6665 0
    0.0563539 0.652581 0
    0.337813 0.9995 0
    0.000499755 0.960506 0
    0.337813 0.9995 0
    0.9995 0.6665 0
    0.337812 0.6665 0
    0.9995 0.9995 0
    0.337813 0.9995 0
    0.9995 0.9995 0
    0.337812 0.000499845 0
    0.337812 0.9995 0
    0.9995 0.000499845 0
    0.337812 0.000499845 0
    0.9995 0.9995 0
    0.9995 0.9995 0
    0.3335 0.000499845 0
    0.000499487 0.000499845 0
    0.3335 0.9995 0
    0.3335 0.9995 0
    0.6665 0.000499845 0
    0.3335 0.000499845 0
    0.6665 0.9995 0
    0.6665 0.9995 0
    0.9995 0.000499845 0
    0.6665 0.000499845 0
    0.9995 0.9995 0
    0.9995 0.9995 0
    0.662187 0.000499845 0
    0.000499517 0.000499845 0
    0.662187 0.9995 0
    0.662187 0.9995 0
endnode
node trimesh Box09
  parent wblcl_t_113
  position 0.0080589 0.60433 0.0571673
  orientation -0.707107 9.27231e-007 -0.707107 -3.14159
  wirecolor 0.337255 0.87451 0.337255 
  tilefade 0
  scale 1.0
  render 1
  Shadow 1
  beaming 0
  inheritcolor 0
  selfillumcolor 0.0 0.0 0.0 
  rotatetexture 0
  alpha 1.0
  transparencyhint 0
  center undefined
  gizmo SubAnim:Gizmo
  ambient 1.0 1.0 1.0 
  diffuse 1.0 1.0 1.0 
  specular 0.0 0.0 0.0 
  shininess 12.0
  selfillumcolor 0.0 0.0 0.0 
  bitmap nex_jade
  verts 20
    0.0191767 0.0445701 -0.00808304
    0.00129889 0.0479291 0.000646644
    -0.0337712 0.0479291 0.000646644
    0.0162165 0.014945 -0.00808304
    0.00129889 0.0159764 0.000646644
    -0.0337712 0.0159764 0.000646644
    0.0162165 -0.0146408 -0.00808304
    0.00129889 -0.0159764 0.000646644
    -0.0337712 -0.0159764 0.000646644
    0.0191767 -0.0441873 -0.00808304
    0.00129889 -0.0479291 0.000646644
    -0.0337712 -0.0479291 0.000646644
    0.00129889 0.0479291 -0.0168128
    -0.0337711 0.0479291 -0.0168128
    0.00129889 0.0159763 -0.0168128
